75190 79328 93723
75199 92386 96546
75201 77451 96042
75201 94851 95711
75202 83627 96674
75202 83627 94901
75202 92427 94901
75202 92427 94901
75210 95208 96636
75217 76422 85714
75220 80616 80849
75221 88968 95995
75222 94841 95722
75223 83677 94577
75223 95641 96310
75225 95545 96175
75226 89105 90940
75226 94803 96637
75205 87967 94774
75196 91801 94970
75226 95498 96397
75227 89219 93613
75194 89169 95492
75227 92679 95462
75230 95728 96458
75236 78269 90212
75209 81378 92208
75192 96462 96613
